max_gsl_length_m=1089686.4181956202
max_isl_length_m=5016591.2330984278
